Iteration	CPUTime	PhysTime	Travels	Value	AvValue	MinValue	MaxValue	Delta	Criteria	Progress	dGMaxMin	CriteriaType	CriteriaVarType	CriteriaPercentage
1	1	0	0.0179453183	293.2	293.2	293.2	293.2	0	0	0	0.00178638	0	0	3
2	2	0	0.0358906366	293.2	293.2	293.2	293.2	1.15034027e-009	0	0	0.00188416	0	0	3
3	2	0	0.0538359549	293.2	293.2	293.2	293.2	2.38748044e-009	0	0	0.0019336	0	0	3
4	3	0	0.0717812732	293.2	293.2	293.2	293.2	3.94203425e-009	0	0	0.00193869	0	0	3
5	3	0	0.0897265915	293.2	293.2	293.2	293.2	5.51131052e-009	0	0	0.00210354	0	0	3
6	4	0	0.10767191	293.2	293.2	293.2	293.2	7.45887974e-009	0	0	0.00217234	0	0	3
7	4	0	0.125617228	293.2	293.2	293.2	293.2	9.48620027e-009	0	0	0.00220331	0	0	3
8	5	0	0.143562546	293.2	293.2	293.2	293.2	1.12797238e-008	0	0	0.00220996	0	0	3
9	6	0	0.161507865	293.2	293.2	293.2	293.2	1.36054723e-008	0	0	0.00214418	0	0	3
10	6	0	0.179453183	293.2	293.2	293.2	293.2	1.57533009e-008	0	0	0.00212849	0	0	3
11	7	0	0.197398501	293.2	293.2	293.2	293.2	1.88069862e-008	0	0	0.0020404	0	0	3
12	7	0	0.21534382	293.2	293.2	293.2	293.2	2.2354925e-008	0	0	0.00203757	0	0	3
13	8	0	0.233289138	293.2	293.2	293.2	293.2	2.67552309e-008	0	0	0.00200301	0	0	3
14	8	0	0.251234456	293.2	293.2	293.2	293.2	3.18214006e-008	0	0	0.00200778	0	0	3
15	9	0	0.269179775	293.2	293.2	293.2	293.2	3.77060019e-008	0	0	0.00201909	0	0	3
16	10	0	0.287125093	293.2	293.2	293.2	293.2	4.49460913e-008	0	0	0.00203324	0	0	3
17	10	0	0.305070411	293.2	293.2	293.2	293.2	5.3825886e-008	0	0	0.0020236	0	0	3
18	11	0	0.323015729	293.2	293.2	293.2	293.2	6.43772751e-008	0	0	0.00201069	0	0	3
19	11	0	0.340961048	293.2	293.2	293.2	293.2	7.68687869e-008	0	0	0.00200646	0	0	3
20	12	0	0.358906366	293.2	293.2	293.2	293.2	9.14002953e-008	0	0	0.00200848	0	0	3
21	12	0	0.376851684	293.2	293.2	293.2	293.2	1.10084159e-007	0	0	0.00203998	0	0	3
22	13	0	0.394797003	293.199999	293.2	293.199999	293.2	1.33083176e-007	0	0	0.00199703	0	0	3
23	13	0	0.412742321	293.199999	293.2	293.199999	293.2	1.6058533e-007	0	0	0.00202635	0	0	3
24	14	0	0.430687639	293.199999	293.2	293.199999	293.2	1.92728407e-007	0	0	0.00204683	0	0	3
25	14	0	0.448632958	293.199999	293.2	293.199999	293.2	2.2964872e-007	0	0	0.00204701	0	0	3
26	15	0	0.466578276	293.199999	293.2	293.199999	293.2	2.75390789e-007	0	0	0.00206781	0	0	3
27	15	0	0.484523594	293.199998	293.2	293.199998	293.2	3.30082855e-007	0	0	0.00209548	0	0	3
28	16	0	0.502468912	293.199998	293.2	293.199998	293.2	3.93521702e-007	0	0	0.00195271	0	0	3
29	16	0	0.520414231	293.199998	293.2	293.199998	293.2	4.81002928e-007	0	0	0.00203613	0	0	3
30	17	0	0.538359549	293.199997	293.199999	293.199997	293.2	5.82141183e-007	0	0	0.00204071	0	0	3
31	17	0	0.556304867	293.199997	293.199999	293.199997	293.2	7.04528588e-007	0	0	0.00203742	0	0	3
32	18	0	0.574250186	293.199996	293.199999	293.199996	293.2	8.49106414e-007	0	0	0.00208412	0	0	3
33	18	0	0.592195504	293.199995	293.199999	293.199995	293.2	1.01607372e-006	0	0	0.00213661	0	0	3
34	18	0	0.610140822	293.199995	293.199999	293.199995	293.2	1.2073221e-006	0	0	0.00212469	0	0	3
35	19	0	0.628086141	293.199994	293.199999	293.199994	293.2	1.4228487e-006	0	0	0.00215818	0	0	3
36	19	0	0.646031459	293.199993	293.199998	293.199993	293.2	1.67429988e-006	0	0	0.00220115	0	0	3
37	20	0	0.663976777	293.199992	293.199998	293.199992	293.2	1.9727608e-006	0	0	0.00220062	0	0	3
38	20	0	0.681922095	293.19999	293.199998	293.19999	293.2	2.32277279e-006	0	0	0.00235053	0	0	3
39	20	0	0.699867414	293.199988	293.199997	293.199988	293.2	2.72809069e-006	0	0	0.00231127	0	0	3
40	21	0	0.717812732	293.199987	293.199997	293.199987	293.2	3.19140418e-006	0	0	0.00242214	0	0	3
41	21	0	0.73575805	293.199984	293.199996	293.199984	293.2	3.74393198e-006	0	0	0.0024809	0	0	3
42	22	0	0.753703369	293.199982	293.199996	293.199982	293.2	4.39478117e-006	0	0	0.00246258	0	0	3
43	22	0	0.771648687	293.199979	293.199995	293.199979	293.2	5.14966666e-006	0	0	0.0026418	0	0	3
44	23	0	0.789594005	293.199975	293.199994	293.199975	293.2	6.011285e-006	0	0	0.00266372	0	0	3
45	23	0	0.807539324	293.199972	293.199993	293.199972	293.2	6.9831807e-006	0	0	0.00270446	0	0	3
46	23	0	0.825484642	293.199969	293.199992	293.199969	293.2	8.06566879e-006	0	0	0.00259866	0	0	3
47	24	0	0.84342996	293.199966	293.199991	293.199966	293.2	9.26174266e-006	0	0	0.00268553	0	0	3
48	24	0	0.861375279	293.199962	293.199989	293.199962	293.2	1.05803787e-005	0	0	0.00267551	0	0	3
49	25	0	0.879320597	293.199958	293.199988	293.199958	293.199999	1.20230987e-005	0	0	0.00282254	0	0	3
50	25	0	0.897265915	293.199955	293.199986	293.199955	293.199999	1.3593367e-005	0	0	0.00275281	0	0	3
51	25	0	0.915211233	293.19995	293.199984	293.19995	293.199999	1.53060739e-005	0	0	0.0027716	0	0	3
52	26	0	0.933156552	293.199946	293.199983	293.199946	293.199999	1.71608286e-005	0	0	0.00281529	0	0	3
53	26	0	0.95110187	293.199941	293.199981	293.199941	293.199999	1.91733545e-005	0	0	0.00264411	0	0	3
54	27	0	0.969047188	293.199937	293.199978	293.199937	293.199998	2.13346866e-005	0	0	0.0027093	0	0	3
55	27	0	0.986992507	293.199931	293.199976	293.199931	293.199998	2.36679009e-005	0	0	0.00274121	0	0	3
56	28	0	1.00493782	293.199926	293.199973	293.199926	293.199998	2.61591356e-005	2.93199926e-006	11.2	0.00274709	0	0	3
57	28	0	1.02288314	293.19992	293.199971	293.19992	293.199997	2.88382896e-005	2.9319992e-006	10.1	0.0027713	0	0	3
58	28	0	1.04082846	293.199914	293.199968	293.199914	293.199997	3.16926933e-005	2.93199914e-006	9.2	0.00282563	0	0	3
59	29	0	1.05877378	293.199908	293.199964	293.199908	293.199996	3.47137158e-005	2.93199908e-006	8.4	0.00275885	0	0	3
60	29	0	1.0767191	293.199902	293.199961	293.199902	293.199995	3.79034337e-005	2.93199902e-006	7.7	0.00273816	0	0	3
61	30	0	1.09466442	293.199896	293.199958	293.199896	293.199995	4.1255532e-005	2.93199896e-006	7.1	0.00284257	0	0	3
62	30	0	1.11260973	293.199889	293.199954	293.199889	293.199994	4.47927198e-005	2.93199889e-006	6.5	0.00275088	0	0	3
63	30	0	1.13055505	293.199883	293.19995	293.199883	293.199993	4.84891069e-005	2.94904648e-006	6	0.00276244	0	0	3
64	31	0	1.14850037	293.199876	293.199946	293.199876	293.199992	5.23649392e-005	3.04555715e-006	5.8	0.00281843	0	0	3
65	31	0	1.16644569	293.199869	293.199941	293.199869	293.19999	5.6395871e-005	3.14438224e-006	5.5	0.00281822	0	0	3
66	32	0	1.18439101	293.199862	293.199937	293.199862	293.199988	6.05655475e-005	3.24415632e-006	5.3	0.00282325	0	0	3
67	32	0	1.20233633	293.199855	293.199932	293.199855	293.199987	6.48600039e-005	3.3440793e-006	5.1	0.00286118	0	0	3
68	33	0	1.22028164	293.199849	293.199927	293.199849	293.199984	6.92325574e-005	3.44321087e-006	4.9	0.00280095	0	0	3
69	33	0	1.23822696	293.199843	293.199922	293.199843	293.199982	7.3636949e-005	3.54136239e-006	4.8	0.00284578	0	0	3
70	33	0	1.25617228	293.199837	293.199917	293.199837	293.199979	7.80515011e-005	3.63836461e-006	4.6	0.00278146	0	0	3
71	34	0	1.2741176	293.19983	293.199911	293.19983	293.199975	8.24990682e-005	3.73623073e-006	4.5	0.00276125	0	0	3
72	34	0	1.29206292	293.199823	293.199906	293.199823	293.199972	8.69767596e-005	3.83499532e-006	4.4	0.00279993	0	0	3
73	35	0	1.31000824	293.199816	293.1999	293.199816	293.199969	9.14788384e-005	3.9344279e-006	4.3	0.0028789	0	0	3
74	35	0	1.32795355	293.199807	293.199895	293.199807	293.199966	9.60453224e-005	4.03644852e-006	4.2	0.00267561	0	0	3
75	35	0	1.34589887	293.199799	293.199889	293.199799	293.199962	0.000100649461	4.14009648e-006	4.1	0.0028424	0	0	3
76	36	0	1.36384419	293.199792	293.199883	293.199792	293.199958	0.000105265514	4.24451914e-006	4	0.00273929	0	0	3
77	36	0	1.38178951	293.199784	293.199876	293.199784	293.199955	0.000109892878	4.34984431e-006	3.9	0.00276537	0	0	3
78	37	0	1.39973483	293.199777	293.19987	293.199777	293.19995	0.000114492627	4.45517426e-006	3.8	0.00283645	0	0	3
79	37	0	1.41768015	293.19977	293.199864	293.19977	293.199946	0.00011903985	4.56013873e-006	3.8	0.00268676	0	0	3
80	38	0	1.43562546	293.199763	293.199857	293.199763	293.199941	0.000123516087	4.66481959e-006	3.7	0.00283167	0	0	3
81	38	0	1.45357078	293.199757	293.19985	293.199757	293.199937	0.000127898038	4.76871273e-006	3.7	0.00270972	0	0	3
82	38	0	1.4715161	293.199749	293.199844	293.199749	293.199931	0.000132182915	4.87237575e-006	3.6	0.0028446	0	0	3
83	39	0	1.48946142	293.199742	293.199837	293.199742	293.199926	0.000136348607	4.9759481e-006	3.6	0.00288139	0	0	3
84	39	0	1.50740674	293.199735	293.19983	293.199735	293.19992	0.0001403671	5.0792302e-006	3.6	0.00274231	0	0	3
85	40	0	1.52535206	293.199728	293.199823	293.199728	293.199914	0.000144242449	5.18277311e-006	3.5	0.00270612	0	0	3
86	40	0	1.54329737	293.19972	293.199816	293.19972	293.199908	0.00014797895	5.28610402e-006	3.5	0.00291284	0	0	3
87	41	0	1.56124269	293.199712	293.199809	293.199712	293.199902	0.000151598048	5.38987333e-006	3.5	0.00273448	0	0	3
88	41	0	1.57918801	293.199705	293.199802	293.199705	293.199896	0.000155071676	5.49325206e-006	3.5	0.00295355	0	0	3
89	42	0	1.59713333	293.199697	293.199795	293.199697	293.199889	0.000158417546	5.59714762e-006	3.5	0.00291537	0	0	3
90	42	0	1.61507865	293.199689	293.199788	293.199689	293.199883	0.000161610749	5.70116929e-006	3.5	0.00294826	0	0	3
91	43	0	1.63302397	293.199682	293.199781	293.199682	293.199876	0.00016462432	5.80476613e-006	3.5	0.00290819	0	0	3
92	43	0	1.65096928	293.199675	293.199774	293.199675	293.199869	0.000167421122	5.90742518e-006	3.5	0.00279261	0	0	3
93	43	0	1.6689146	293.199668	293.199767	293.199668	293.199862	0.00017000103	6.00861656e-006	3.5	0.00290853	0	0	3
94	44	0	1.68685992	293.199662	293.19976	293.199662	293.199855	0.000172373349	6.10816997e-006	3.5	0.00294547	0	0	3
95	44	0	1.70480524	293.199656	293.199752	293.199656	293.199849	0.000174550558	6.20592483e-006	3.5	0.00291048	0	0	3
96	45	0	1.72275056	293.19965	293.199745	293.19965	293.199843	0.00017657308	6.30116528e-006	3.5	0.0027542	0	0	3
97	45	0	1.74069588	293.199645	293.199738	293.199645	293.199837	0.000178469791	6.39404346e-006	3.5	0.00255832	0	0	3
98	45	0	1.75864119	293.199639	293.199731	293.199639	293.19983	0.000180217446	6.48452844e-006	3.5	0.00289636	0	0	3
99	46	0	1.77658651	293.199632	293.199724	293.199632	293.199823	0.00018180185	6.57308717e-006	3.6	0.00277206	0	0	3
100	46	0	1.79453183	293.199626	293.199717	293.199626	293.199816	0.000183218686	6.65967337e-006	3.6	0.0027528	0	0	3
101	47	0	1.81247715	293.19962	293.19971	293.19962	293.199807	0.00018444055	6.74467367e-006	3.6	0.00289565	0	0	3
102	47	0	1.83042247	293.199613	293.199703	293.199613	293.199799	0.000185442476	6.82818803e-006	3.6	0.00293536	0	0	3
103	48	0	1.84836779	293.199607	293.199696	293.199607	293.199792	0.000185104286	6.90975461e-006	3.7	0.00281267	0	0	3
104	48	0	1.8663131	293.1996	293.199689	293.1996	293.199784	0.000183781521	6.98960469e-006	3.8	0.00290974	0	0	3
105	49	0	1.88425842	293.199594	293.199683	293.199594	293.199777	0.000182594704	7.06751692e-006	3.8	0.00295243	0	0	3
106	49	0	1.90220374	293.199589	293.199676	293.199589	293.19977	0.000181178144	7.14304697e-006	3.9	0.00274165	0	0	3
107	49	0	1.92014906	293.199583	293.199669	293.199583	293.199763	0.000179669455	7.21630227e-006	4	0.00256541	0	0	3
108	50	0	1.93809438	293.199579	293.199663	293.199579	293.199757	0.000177948784	7.28677267e-006	4	0.00293882	0	0	3
109	50	0	1.95603969	293.199574	293.199656	293.199574	293.199749	0.00017539055	7.35446e-006	4.1	0.00264688	0	0	3
110	51	0	1.97398501	293.199569	293.19965	293.199569	293.199742	0.000172796517	7.41919528e-006	4.2	0.00261143	0	0	3
111	51	0	1.99193033	293.199565	293.199643	293.199565	293.199735	0.000170085092	7.48092939e-006	4.3	0.00276457	0	0	3
112	51	0	2.00987565	293.19956	293.199637	293.19956	293.199728	0.000167621761	7.53994416e-006	4.4	0.00281052	0	0	3
113	52	0	2.02782097	293.199556	293.199631	293.199556	293.19972	0.00016463495	7.59605271e-006	4.6	0.00288184	0	0	3
114	52	0	2.04576629	293.19955	293.199625	293.19955	293.199712	0.000162340683	7.6501124e-006	4.7	0.00289439	0	0	3
115	53	0	2.0637116	293.199545	293.199619	293.199545	293.199705	0.000160097821	7.7017867e-006	4.8	0.00292909	0	0	3
116	53	0	2.08165692	293.19954	293.199613	293.19954	293.199697	0.000157313801	7.75148577e-006	4.9	0.00286773	0	0	3
117	54	0	2.09960224	293.199536	293.199607	293.199536	293.199689	0.000153720263	7.79838005e-006	5	0.00291337	0	0	3
118	54	0	2.11754756	293.199531	293.199602	293.199531	293.199682	0.000150627651	7.84289714e-006	5.2	0.00283985	0	0	3
119	54	0	2.13549288	293.199528	293.199596	293.199528	293.199675	0.000146745391	7.88402946e-006	5.3	0.0028756	0	0	3
120	55	0	2.1534382	293.199525	293.199591	293.199525	293.199668	0.00014370734	7.92215898e-006	5.5	0.00246336	0	0	3
121	55	0	2.17138351	293.199522	293.199586	293.199522	293.199662	0.00014001305	7.95710056e-006	5.6	0.00272385	0	0	3
122	56	0	2.18932883	293.199519	293.19958	293.199519	293.199656	0.000137394783	7.98944788e-006	5.8	0.00286395	0	0	3
123	56	0	2.20727415	293.199516	293.199575	293.199516	293.19965	0.000134362987	8.01917483e-006	5.9	0.00289953	0	0	3
124	56	0	2.22521947	293.199514	293.199571	293.199514	293.199645	0.000130967267	8.04640261e-006	6.1	0.00297163	0	0	3
125	57	0	2.24316479	293.199512	293.199566	293.199512	293.199639	0.000127013306	8.07102872e-006	6.3	0.00289328	0	0	3
126	57	0	2.26111011	293.19951	293.199561	293.19951	293.199632	0.000122288589	8.09267221e-006	6.6	0.00296066	0	0	3
127	58	0	2.27905542	293.199509	293.199557	293.199509	293.199626	0.000117243301	8.11121162e-006	6.9	0.00295355	0	0	3
128	58	0	2.29700074	293.199508	293.199553	293.199508	293.19962	0.000111311858	8.1265903e-006	7.3	0.00289711	0	0	3
129	59	0	2.31494606	293.199507	293.199549	293.199507	293.199613	0.00010561823	8.13856838e-006	7.7	0.0026073	0	0	3
130	59	0	2.33289138	293.199506	293.199545	293.199506	293.199607	0.000100390261	8.14738657e-006	8.1	0.00270802	0	0	3
131	59	0	2.3508367	293.199505	293.199541	293.199505	293.1996	9.5360152e-005	8.15350165e-006	8.5	0.00263736	0	0	3
132	60	0	2.36878202	293.199504	293.199538	293.199504	293.199594	8.99813647e-005	8.15664668e-006	9	0.00293725	0	0	3
133	60	0	2.38672733	293.199503	293.199534	293.199503	293.199589	8.61532505e-005	8.1575628e-006	9.4	0.00285576	0	0	3
134	61	0	2.40467265	293.199501	293.199531	293.199501	293.199583	8.23245003e-005	8.15642036e-006	9.9	0.00289722	0	0	3
135	61	0	2.42261797	293.1995	293.199528	293.1995	293.199579	7.86131757e-005	8.15311913e-006	10.3	0.00287864	0	0	3
136	61	0	2.44056329	293.199499	293.199526	293.199499	293.199574	7.46584939e-005	8.147621e-006	10.9	0.0028977	0	0	3
137	62	0	2.45850861	293.1995	293.199523	293.199499	293.199569	7.00689554e-005	8.13964384e-006	11.6	0.00288239	0	0	3
138	62	0	2.47645393	293.199501	293.19952	293.199499	293.199565	6.57711547e-005	8.12923312e-006	12.3	0.00292087	0	0	3
139	63	0	2.49439924	293.199503	293.199518	293.199499	293.19956	6.07097674e-005	8.11653979e-006	13.3	0.00295177	0	0	3
140	63	0	2.51234456	293.199504	293.199516	293.199499	293.199556	5.63992896e-005	8.10146129e-006	14.3	0.00283734	0	0	3
141	64	0	2.53028988	293.199505	293.199514	293.199499	293.19955	5.07263334e-005	8.08416207e-006	15.9	0.00285152	0	0	3
142	64	0	2.5482352	293.199506	293.199513	293.199499	293.199545	4.58271795e-005	8.06448589e-006	17.5	0.00295083	0	0	3
143	64	0	2.56618052	293.199507	293.199511	293.199499	293.19954	4.04632509e-005	8.04279927e-006	19.8	0.00279541	0	0	3
144	65	0	2.58412584	293.199507	293.19951	293.199499	293.199536	3.63098023e-005	8.01882782e-006	22	0.00283362	0	0	3
145	65	0	2.60207115	293.199508	293.199509	293.199499	293.199531	3.19402898e-005	7.99278371e-006	25	0.00279608	0	0	3
146	66	0	2.62001647	293.19951	293.199509	293.199499	293.199528	2.87217921e-005	7.96483098e-006	27.7	0.00281323	0	0	3
147	66	0	2.63796179	293.199512	293.199508	293.199499	293.199525	2.5254348e-005	7.93515169e-006	31.4	0.00280847	0	0	3
148	66	0	2.65590711	293.199515	293.199508	293.199499	293.199522	2.27006445e-005	7.90399624e-006	34.8	0.00284484	0	0	3
149	67	0	2.67385243	293.199518	293.199508	293.199499	293.199519	1.93603583e-005	7.87149532e-006	40.6	0.00276854	0	0	3
150	67	0	2.69179775	293.199522	293.199508	293.199499	293.199522	2.220703e-005	7.83778425e-006	35.2	0.00274939	0	0	3
151	68	0	2.70974306	293.199525	293.199508	293.199499	293.199525	2.58627053e-005	7.80298311e-006	30.1	0.00273543	0	0	3
152	68	0	2.72768838	293.199528	293.199508	293.199499	293.199528	2.87858774e-005	7.76705857e-006	26.9	0.0027375	0	0	3
153	69	0	2.7456337	293.199531	293.199509	293.199499	293.199531	3.13341345e-005	7.73007636e-006	24.6	0.00275435	0	0	3
154	69	0	2.76357902	293.199533	293.19951	293.199499	293.199533	3.39669817e-005	7.69190829e-006	22.6	0.00236373	0	0	3
155	69	0	2.78152434	293.199536	293.199511	293.199499	293.199536	3.6467684e-005	7.65263621e-006	20.9	0.00272532	0	0	3
156	70	0	2.79946966	293.199539	293.199512	293.199499	293.199539	3.92217111e-005	7.61217187e-006	19.4	0.00246926	0	0	3
157	70	0	2.81741497	293.199541	293.199513	293.199499	293.199541	3.73289247e-005	7.57052355e-006	20.2	0.00273057	0	0	3
158	71	0	2.83536029	293.199544	293.199515	293.199499	293.199544	3.36945334e-005	7.52788894e-006	22.3	0.00261982	0	0	3
159	71	0	2.85330561	293.199546	293.199516	293.199499	293.199546	3.02670585e-005	7.48421729e-006	24.7	0.00273126	0	0	3
160	71	0	2.87125093	293.199549	293.199518	293.199499	293.199549	2.69940273e-005	7.4396582e-006	27.5	0.00278539	0	0	3
161	72	0	2.88919625	293.199551	293.199519	293.199499	293.199551	2.38593746e-005	7.39437881e-006	30.9	0.00265981	0	0	3
162	72	0	2.90714156	293.199554	293.199521	293.199499	293.199554	2.0876589e-005	7.3484125e-006	35.1	0.00275397	0	0	3
163	73	0	2.92508688	293.199558	293.199523	293.199499	293.199558	1.80494403e-005	7.30193019e-006	40.4	0.00278163	0	0	3
164	73	0	2.9430322	293.199562	293.199526	293.1995	293.199562	1.80244184e-005	7.25505819e-006	40.2	0.00266745	0	0	3
165	73	0	2.96097752	293.199566	293.199528	293.199501	293.199566	2.03751923e-005	7.20778306e-006	35.3	0.00276303	0	0	3
166	74	0	2.97892284	293.19957	293.19953	293.199503	293.19957	2.28412708e-005	7.16149257e-006	31.3	0.00264719	0	0	3
167	74	0	2.99686816	293.199574	293.199533	293.199504	293.199574	2.5384363e-005	7.11710718e-006	28	0.00264107	0	0	3
168	75	0	3.01481347	293.199578	293.199536	293.199505	293.199578	2.80234121e-005	7.074558e-006	25.2	0.00247688	0	0	3
169	75	0	3.03275879	293.199581	293.199538	293.199506	293.199581	3.07470052e-005	7.03369297e-006	22.8	0.00269803	0	0	3
170	75	0	3.05070411	293.199585	293.199541	293.199507	293.199585	3.3561049e-005	6.99457019e-006	20.8	0.00280149	0	0	3
171	76	0	3.06864943	293.199588	293.199544	293.199507	293.199588	3.64575034e-005	6.95686763e-006	19	0.00267188	0	0	3
172	76	0	3.08659475	293.199591	293.199547	293.199508	293.199591	3.94254198e-005	6.92046961e-006	17.5	0.00270702	0	0	3
173	77	0	3.10454007	293.199593	293.19955	293.19951	293.199593	4.24543313e-005	6.88538244e-006	16.2	0.00280566	0	0	3
174	77	0	3.12248538	293.199596	293.199553	293.199512	293.199596	4.55467781e-005	6.85170948e-006	15	0.00273718	0	0	3
175	78	0	3.1404307	293.1996	293.199556	293.199515	293.1996	4.87009705e-005	6.81958733e-006	14	0.0028118	0	0	3
176	78	0	3.15837602	293.199605	293.199559	293.199518	293.199605	5.19185319e-005	6.78914039e-006	13	0.00283012	0	0	3
177	78	0	3.17632134	293.19961	293.199563	293.199522	293.19961	5.5096348e-005	6.76044792e-006	12.2	0.00282398	0	0	3
178	79	0	3.19426666	293.199615	293.199566	293.199525	293.199615	5.80928732e-005	6.73338184e-006	11.5	0.00274567	0	0	3
179	79	0	3.21221198	293.199619	293.199569	293.199528	293.199619	6.09285084e-005	6.70787615e-006	11	0.00270254	0	0	3
180	80	0	3.23015729	293.199624	293.199573	293.199531	293.199624	6.36626223e-005	6.68386805e-006	10.4	0.0027278	0	0	3
181	80	0	3.24810261	293.199628	293.199576	293.199533	293.199628	6.63107021e-005	6.66129688e-006	10	0.0027541	0	0	3
182	80	0	3.26604793	293.199633	293.19958	293.199536	293.199633	6.88953342e-005	6.6401553e-006	9.6	0.00278058	0	0	3
183	81	0	3.28399325	293.199637	293.199583	293.199539	293.199637	7.14135263e-005	6.6203046e-006	9.2	0.00277718	0	0	3
184	81	0	3.30193857	293.199641	293.199587	293.199541	293.199641	7.38514364e-005	6.6016767e-006	8.9	0.00281242	0	0	3
185	82	0	3.31988389	293.199645	293.199591	293.199544	293.199645	7.6209336e-005	6.58425387e-006	8.6	0.00253552	0	0	3
186	82	0	3.3378292	293.199648	293.199594	293.199546	293.199648	7.84559693e-005	6.56789952e-006	8.3	0.00276477	0	0	3
187	83	0	3.35577452	293.199652	293.199598	293.199549	293.199652	8.06404203e-005	6.55262895e-006	8.1	0.00254683	0	0	3
188	83	0	3.37371984	293.199655	293.199602	293.199551	293.199655	8.26869095e-005	6.5382601e-006	7.9	0.00256994	0	0	3
189	83	0	3.39166516	293.199657	293.199606	293.199554	293.199657	8.45763732e-005	6.52476137e-006	7.7	0.0028003	0	0	3
190	84	0	3.40961048	293.199661	293.19961	293.199558	293.199661	8.63064519e-005	6.51217325e-006	7.5	0.00270752	0	0	3
191	84	0	3.4275558	293.199664	293.199613	293.199562	293.199664	8.78868569e-005	6.50056248e-006	7.3	0.00280458	0	0	3
192	85	0	3.44550111	293.199668	293.199617	293.199566	293.199668	8.93494493e-005	6.48995231e-006	7.2	0.00272324	0	0	3
193	85	0	3.46344643	293.199673	293.199621	293.19957	293.199673	9.07134811e-005	6.4802297e-006	7.1	0.00282172	0	0	3
194	85	0	3.48139175	293.199678	293.199625	293.199574	293.199678	9.20170717e-005	6.47130432e-006	7	0.00281225	0	0	3
195	86	0	3.49933707	293.199682	293.199629	293.199578	293.199682	9.32334337e-005	6.46315436e-006	6.9	0.00278232	0	0	3
196	86	0	3.51728239	293.199686	293.199633	293.199581	293.199686	9.43672246e-005	6.45572334e-006	6.8	0.0027938	0	0	3
197	87	0	3.53522771	293.19969	293.199636	293.199585	293.19969	9.54245391e-005	6.44893701e-006	6.7	0.00288284	0	0	3
198	87	0	3.55317302	293.199693	293.19964	293.199588	293.199693	9.63646016e-005	6.44275166e-006	6.6	0.00282409	0	0	3
199	87	0	3.57111834	293.199695	293.199644	293.199591	293.199695	9.72250865e-005	6.43708895e-006	6.6	0.00284583	0	0	3
200	88	0	3.58906366	293.199698	293.199648	293.199593	293.199698	9.80339021e-005	6.4318828e-006	6.5	0.00266029	0	0	3
201	88	0	3.60700898	293.199701	293.199652	293.199596	293.199701	9.87892948e-005	6.42706388e-006	6.5	0.00281365	0	0	3
202	89	0	3.6249543	293.199704	293.199656	293.1996	293.199704	9.94907127e-005	6.42257051e-006	6.4	0.00284927	0	0	3
203	89	0	3.64289962	293.199708	293.19966	293.199605	293.199708	0.000100128534	6.4183659e-006	6.4	0.00271925	0	0	3
204	90	0	3.66084493	293.199712	293.199663	293.19961	293.199712	0.000100682799	6.414348e-006	6.3	0.00281553	0	0	3
205	90	0	3.67879025	293.199716	293.199667	293.199615	293.199716	0.000101158306	6.41051172e-006	6.3	0.00282085	0	0	3
206	90	0	3.69673557	293.19972	293.199671	293.199619	293.19972	0.000101003398	6.40677766e-006	6.3	0.00273645	0	0	3
207	91	0	3.71468089	293.199724	293.199675	293.199624	293.199724	0.00010031057	6.40326663e-006	6.3	0.00280857	0	0	3
208	91	0	3.73262621	293.199728	293.199678	293.199628	293.199728	9.98319961e-005	6.40007019e-006	6.4	0.00279135	0	0	3
209	92	0	3.75057153	293.199731	293.199682	293.199633	293.199731	9.86479724e-005	6.39704939e-006	6.4	0.0027778	0	0	3
210	92	0	3.76851684	293.199734	293.199686	293.199637	293.199734	9.76987995e-005	6.39418576e-006	6.5	0.00279773	0	0	3
211	92	0	3.78646216	293.199738	293.199689	293.199641	293.199738	9.69474372e-005	6.39143427e-006	6.5	0.00252015	0	0	3
212	93	0	3.80440748	293.199741	293.199693	293.199645	293.199741	9.62498947e-005	6.38888051e-006	6.6	0.00283472	0	0	3
213	93	0	3.8223528	293.199744	293.199696	293.199648	293.199744	9.62724779e-005	6.38647593e-006	6.6	0.00272636	0	0	3
214	94	0	3.84029812	293.199748	293.1997	293.199652	293.199748	9.59042254e-005	6.3842809e-006	6.6	0.00282513	0	0	3
215	94	0	3.85824343	293.199751	293.199704	293.199655	293.199751	9.620118e-005	6.38226498e-006	6.6	0.00287619	0	0	3
216	94	0	3.87618875	293.199754	293.199707	293.199657	293.199754	9.66712558e-005	6.38039881e-006	6.6	0.00277663	0	0	3
217	95	0	3.89413407	293.199757	293.199711	293.199661	293.199757	9.65699157e-005	6.37857302e-006	6.6	0.00283385	0	0	3
218	95	0	3.91207939	293.19976	293.199714	293.199664	293.19976	9.60241546e-005	6.37668647e-006	6.6	0.00260515	0	0	3
219	96	0	3.93002471	293.199763	293.199718	293.199668	293.199763	9.48138551e-005	6.3746678e-006	6.7	0.00247128	0	0	3
220	96	0	3.94797003	293.199766	293.199721	293.199673	293.199766	9.32222783e-005	6.37246837e-006	6.8	0.00283164	0	0	3
221	96	0	3.96591534	293.199769	293.199725	293.199678	293.199769	9.14894829e-005	6.37006491e-006	6.9	0.00267177	0	0	3
222	97	0	3.98386066	293.199772	293.199728	293.199682	293.199772	9.00147095e-005	6.36746805e-006	7	0.00278476	0	0	3
223	97	0	4.00180598	293.199775	293.199731	293.199686	293.199775	8.87473772e-005	6.36468456e-006	7.1	0.00281498	0	0	3
